% Function PTF_STREJC_TABLE
%
%   Function returns table for identification by Strejc
%
%   table = [0.000 0.104 0.218 0.319 0.410 0.493 0.570 0.642;    % f(n)
%            1.000 0.368 0.271 0.224 0.195 0.161 0.149 0.139];   % g(n)



function table = ptf_strejc_table

table = [0.000 0.104 0.218 0.319 0.410 0.493 0.570 0.642;    % f(n)
         1.000 0.368 0.271 0.224 0.195 0.161 0.149 0.139];   % g(n)